{
 "cells": [
  {
   "cell_type": "code",
   "execution_count": 11,
   "id": "08381185",
   "metadata": {},
   "outputs": [
    {
     "name": "stdout",
     "output_type": "stream",
     "text": [
      "<class 'pandas.core.frame.DataFrame'>\n",
      "RangeIndex: 398 entries, 0 to 397\n",
      "Data columns (total 9 columns):\n",
      " #   Column        Non-Null Count  Dtype  \n",
      "---  ------        --------------  -----  \n",
      " 0   mpg           398 non-null    float64\n",
      " 1   cylinders     398 non-null    int64  \n",
      " 2   displacement  398 non-null    float64\n",
      " 3   horsepower    398 non-null    object \n",
      " 4   weight        398 non-null    float64\n",
      " 5   acceleration  398 non-null    float64\n",
      " 6   model year    398 non-null    int64  \n",
      " 7   origin        398 non-null    int64  \n",
      " 8   name          398 non-null    object \n",
      "dtypes: float64(4), int64(3), object(2)\n",
      "memory usage: 28.1+ KB\n"
     ]
    }
   ],
   "source": [
    "import pandas as pd\n",
    "import numpy as np\n",
    "\n",
    "df = pd.read_csv('./data/auto-mpg.csv', header=None)\n",
    "df.columns = ['mpg', 'cylinders', 'displacement', 'horsepower', 'weight', \n",
    "              'acceleration', 'model year', 'origin', 'name']\n",
    "# print(df.head())\n",
    "df.info()\n",
    "\n",
    "#horsepower는 마력인데 마력은 숫자데이터입니다.\n",
    "#현재 자료형을 보면 object로 만들어져 있습니다."
   ]
  },
  {
   "cell_type": "code",
   "execution_count": 15,
   "id": "8abeca44",
   "metadata": {},
   "outputs": [],
   "source": [
    "#horsepower 컬럼의 자료형을 float으로 변경해서 대입 - 에러 발생\n",
    "#df['horsepower'] = df['horsepower'].astype('float')\n",
    "\n",
    "#중복된 데이터를 제외하고 출력 - ? 라는 값이 존재\n",
    "#print(df['horsepower'].unique())\n",
    "\n",
    "#?라는 값을 가진 데이터를 어떻게 할 것인지 결정\n",
    "#?값을 None으로 설정하고 None인 데이터를 제거\n",
    "df['horsepower'].replace('?', np.nan, inplace=True)\n",
    "df.dropna(subset=['horsepower'], axis=0, inplace=True)\n",
    "df['horsepower']=df['horsepower'].astype('float')"
   ]
  },
  {
   "cell_type": "code",
   "execution_count": 18,
   "id": "8cd4a039",
   "metadata": {},
   "outputs": [
    {
     "name": "stdout",
     "output_type": "stream",
     "text": [
      "<class 'pandas.core.frame.DataFrame'>\n",
      "Int64Index: 392 entries, 0 to 397\n",
      "Data columns (total 9 columns):\n",
      " #   Column        Non-Null Count  Dtype   \n",
      "---  ------        --------------  -----   \n",
      " 0   mpg           392 non-null    float64 \n",
      " 1   cylinders     392 non-null    int64   \n",
      " 2   displacement  392 non-null    float64 \n",
      " 3   horsepower    392 non-null    float64 \n",
      " 4   weight        392 non-null    float64 \n",
      " 5   acceleration  392 non-null    float64 \n",
      " 6   model year    392 non-null    int64   \n",
      " 7   origin        392 non-null    category\n",
      " 8   name          392 non-null    object  \n",
      "dtypes: category(1), float64(5), int64(2), object(1)\n",
      "memory usage: 28.1+ KB\n"
     ]
    },
    {
     "name": "stderr",
     "output_type": "stream",
     "text": [
      "/var/folders/bq/22f7j5dn6x5dcpn8t77q8t4h0000gn/T/ipykernel_24616/2064853929.py:4: FutureWarning: The default value of numeric_only in DataFrame.corr is deprecated. In a future version, it will default to False. Select only valid columns or specify the value of numeric_only to silence this warning.\n",
      "  df.corr()\n"
     ]
    },
    {
     "data": {
      "text/html": [
       "<div>\n",
       "<style scoped>\n",
       "    .dataframe tbody tr th:only-of-type {\n",
       "        vertical-align: middle;\n",
       "    }\n",
       "\n",
       "    .dataframe tbody tr th {\n",
       "        vertical-align: top;\n",
       "    }\n",
       "\n",
       "    .dataframe thead th {\n",
       "        text-align: right;\n",
       "    }\n",
       "</style>\n",
       "<table border=\"1\" class=\"dataframe\">\n",
       "  <thead>\n",
       "    <tr style=\"text-align: right;\">\n",
       "      <th></th>\n",
       "      <th>mpg</th>\n",
       "      <th>cylinders</th>\n",
       "      <th>displacement</th>\n",
       "      <th>horsepower</th>\n",
       "      <th>weight</th>\n",
       "      <th>acceleration</th>\n",
       "      <th>model year</th>\n",
       "    </tr>\n",
       "  </thead>\n",
       "  <tbody>\n",
       "    <tr>\n",
       "      <th>mpg</th>\n",
       "      <td>1.000000</td>\n",
       "      <td>-0.777618</td>\n",
       "      <td>-0.805127</td>\n",
       "      <td>-0.778427</td>\n",
       "      <td>-0.832244</td>\n",
       "      <td>0.423329</td>\n",
       "      <td>0.580541</td>\n",
       "    </tr>\n",
       "    <tr>\n",
       "      <th>cylinders</th>\n",
       "      <td>-0.777618</td>\n",
       "      <td>1.000000</td>\n",
       "      <td>0.950823</td>\n",
       "      <td>0.842983</td>\n",
       "      <td>0.897527</td>\n",
       "      <td>-0.504683</td>\n",
       "      <td>-0.345647</td>\n",
       "    </tr>\n",
       "    <tr>\n",
       "      <th>displacement</th>\n",
       "      <td>-0.805127</td>\n",
       "      <td>0.950823</td>\n",
       "      <td>1.000000</td>\n",
       "      <td>0.897257</td>\n",
       "      <td>0.932994</td>\n",
       "      <td>-0.543800</td>\n",
       "      <td>-0.369855</td>\n",
       "    </tr>\n",
       "    <tr>\n",
       "      <th>horsepower</th>\n",
       "      <td>-0.778427</td>\n",
       "      <td>0.842983</td>\n",
       "      <td>0.897257</td>\n",
       "      <td>1.000000</td>\n",
       "      <td>0.864538</td>\n",
       "      <td>-0.689196</td>\n",
       "      <td>-0.416361</td>\n",
       "    </tr>\n",
       "    <tr>\n",
       "      <th>weight</th>\n",
       "      <td>-0.832244</td>\n",
       "      <td>0.897527</td>\n",
       "      <td>0.932994</td>\n",
       "      <td>0.864538</td>\n",
       "      <td>1.000000</td>\n",
       "      <td>-0.416839</td>\n",
       "      <td>-0.309120</td>\n",
       "    </tr>\n",
       "    <tr>\n",
       "      <th>acceleration</th>\n",
       "      <td>0.423329</td>\n",
       "      <td>-0.504683</td>\n",
       "      <td>-0.543800</td>\n",
       "      <td>-0.689196</td>\n",
       "      <td>-0.416839</td>\n",
       "      <td>1.000000</td>\n",
       "      <td>0.290316</td>\n",
       "    </tr>\n",
       "    <tr>\n",
       "      <th>model year</th>\n",
       "      <td>0.580541</td>\n",
       "      <td>-0.345647</td>\n",
       "      <td>-0.369855</td>\n",
       "      <td>-0.416361</td>\n",
       "      <td>-0.309120</td>\n",
       "      <td>0.290316</td>\n",
       "      <td>1.000000</td>\n",
       "    </tr>\n",
       "  </tbody>\n",
       "</table>\n",
       "</div>"
      ],
      "text/plain": [
       "                   mpg  cylinders  displacement  horsepower    weight  \\\n",
       "mpg           1.000000  -0.777618     -0.805127   -0.778427 -0.832244   \n",
       "cylinders    -0.777618   1.000000      0.950823    0.842983  0.897527   \n",
       "displacement -0.805127   0.950823      1.000000    0.897257  0.932994   \n",
       "horsepower   -0.778427   0.842983      0.897257    1.000000  0.864538   \n",
       "weight       -0.832244   0.897527      0.932994    0.864538  1.000000   \n",
       "acceleration  0.423329  -0.504683     -0.543800   -0.689196 -0.416839   \n",
       "model year    0.580541  -0.345647     -0.369855   -0.416361 -0.309120   \n",
       "\n",
       "              acceleration  model year  \n",
       "mpg               0.423329    0.580541  \n",
       "cylinders        -0.504683   -0.345647  \n",
       "displacement     -0.543800   -0.369855  \n",
       "horsepower       -0.689196   -0.416361  \n",
       "weight           -0.416839   -0.309120  \n",
       "acceleration      1.000000    0.290316  \n",
       "model year        0.290316    1.000000  "
      ]
     },
     "execution_count": 18,
     "metadata": {},
     "output_type": "execute_result"
    }
   ],
   "source": [
    "df['origin'].replace({1:'미국', 2:'유럽', 3:'일본'}, inplace=True)\n",
    "df['origin'] = df['origin'].astype('category') #범주형으로 변환\n",
    "df.info()\n",
    "df.corr()"
   ]
  }
 ],
 "metadata": {
  "kernelspec": {
   "display_name": "Python 3 (ipykernel)",
   "language": "python",
   "name": "python3"
  },
  "language_info": {
   "codemirror_mode": {
    "name": "ipython",
    "version": 3
   },
   "file_extension": ".py",
   "mimetype": "text/x-python",
   "name": "python",
   "nbconvert_exporter": "python",
   "pygments_lexer": "ipython3",
   "version": "3.11.3"
  }
 },
 "nbformat": 4,
 "nbformat_minor": 5
}
